254
32603
45182
53178
69179
93182
105184
117182
141171
165171
168271
213170
221168
233184
241171
257164
273166
293169
309164
337167
349166
369169
372291
389164
405236
413164
433165
445163
453167
457172
473163
477215
485165
505163
517169
545164
569164
589165
621163
641167
661165
689166
717164
745166
753163
773164
777183
801166
809164
829165
832058
849165
877167
889165
891992
897167
921175
933171
961174
963796
1009166
1021169
1029167
1053166
1069166
1089171
1089248
1097170
1097246
1100087
1102087
1121179
1129165
1129223
1132692
1134724
