156
38220
74132
77418
118132
150139
153285
182140
184742
214137
222140
242138
254132
290136
322137
354137
382205
422146
458143
466135
482131
510131
542131
546130
586132
594143
610129
630132
662129
702137
742130
770134
774131
806137
809309
866133
874130
886202
906135
922139
934133
950129
974128
1002173
1030133
1038134
1042170
1050139
1070136
1106131
1134135
1174144
1182158
1218131
1226132
1238133
1250132
1278131
1318137
1326136
1338130
1374131
1405241
1442131
1466129
1478132
1481342
1510187
1522129
1542130
1578131
1581179
1586129
1626135
1630139
1650130
1682135
1714190
1726100
1730132
1742131
1747821
1778134
1802134
1822141
1832279
1834131
1864533
1864593
1882174
1902133
1902201
1918136
1918208
1930229
1954153
1955873
1955947
1957313
1958662
1960800
