158
52896
92881
99027
144875
150794
188873
236594
280875
284023
324940
344868
408870
420871
456869
504871
532874
536386
588867
608874
644868
680876
692870
700871
736879
776867
800868
832872
856871
900866
952866
988864
1000864
1048865
1051717
1068864
1100866
1148864
1188872
1228863
1240871
1244005
1280865
1328867
1360866
1408867
1432863
1484863
1500043
1536863
1576863
1600924
1644872
1652865
1688868
1696867
1724868
1768868
1800867
1852866
1880866
1904863
1928863
1972866
1980862
2012864
2036863
2039768
2064867
2100865
2124865
2145573
2160871
2168863
2188872
2220868
2260876
2280864
2304865
2336863
2340092
2352866
2396866
2440863
2448928
2451710
2479947
2508863
2516867
2540863
2564868
2592863
2640869
2656865
2680864
2724867
2736865
2756865
2792863
2844865
2892863
2924866
2960864
2968865
2968916
2976664
3000865
3004869
3028867
3040864
3056866
3080865
3088863
3099894
3099960
3120868
3140864
3143951
3145877
3152863
3164869
3176864
3176920
3178637
3184971
3187106
