143
105247
189213
205223
249216
261217
325226
337218
413225
448067
485222
545227
605225
689231
781225
857217
917217
969221
1029230
1129223
1221220
1301213
1373224
1433214
1453222
1493213
1520217
1533213
1617217
1641213
1713225
1797218
1809219
1869213
1941230
2013221
2057217
2069217
2077214
2105211
2181213
2273218
2353213
2385220
2445219
2493223
2537213
2641216
2669217
2709218
2725206
2757214
2825206
2901212
2917205
2997208
3089206
3165207
3181217
3201222
3289207
3373212
3401210
3493209
3553206
3604314
3689207
3721209
3797210
3857206
3873213
3925209
3937213
3940003
3977208
4065206
4077206
4125206
4301208
4345207
4405311
4485211
4549209
4613207
4673209
4781208
4813209
4917215
4965215
5005216
5045218
5065217
5077215
5169217
5233215
5265217
5321217
5329207
5381207
5445206
5513210
5525208
5589212
5688407
5721211
5801206
5865207
5917208
6001206
6053208
6081206
6145207
6193205
6329207
6385205
6469206
6557214
6565211
6609212
6633211
6717207
6781206
6841208
6965209
7013209
7025208
7073210
7133218
7185208
7221205
7229210
7237207
7249208
7289206
7325212
7409207
7412109
7461213
7557217
7649205
7673204
7785206
7817215
7865206
7953205
7969207
8025216
8113206
8185218
8205207
8213206
8216236
8289203
8317210
8357230
8360196
8453207
8489206
8557227
8581205
8665225
8729207
8801208
8881208
8909207
8997227
9049212
9149215
9177224
9197235
9285226
9319363
9337230
9421205
9485225
9561206
9693208
9777242
9853213
9909205
9941207
10021204
10073207
10101205
10109210
10173208
10197250
10221209
10317249
10357242
10369207
10421212
10501207
10536147
10541209
10637248
10640103
10653206
10737256
10757249
10837261
10869210
10921206
10985257
11053208
11121211
11161214
11181214
11245254
11297263
11337258
11397266
11400174
11492324
11529206
11557270
11581214
11625268
11677268
11737270
11765268
11773207
11837272
11849210
11852276
11865265
11873209
11909209
11909291
11933209
11973217
12001205
12029207
12029263
12037274
12045272
12065266
12065332
12070006
12081206
12093206
12096034
12105270
12105336
12108146
12112289
12112347
12116241
12116305
12118102
12120188
