148
172260
348157
368156
556160
676161
740226
860239
932232
1084160
1096157
1244164
1296158
1484170
1492242
1644169
1664157
1692252
1900261
2016160
2084164
2268160
2436163
2512155
2564158
2628156
2656159
2658950
2848167
2948161
3028162
3180160
3308168
3396157
3524161
3700174
3716159
3809766
3852158
3972170
4088158
4204165
4288156
4424160
4456155
4528168
4648156
4848160
4892156
4904159
5016161
5188167
5324163
5500176
5716161
5812163
5968160
6048157
6104167
6188161
6300166
6384165
6387138
6520166
6724185
6924175
7048184
7104172
7300173
7312163
7348163
7512162
7616162
7788177
7808163
7916180
7988163
8164166
8244161
8292168
8456171
8528169
8600161
8812169
8928170
9072244
9224167
9352169
9532164
9588172
9660166
9784169
9988174
10072164
10124168
10352190
10416166
10448160
10596225
10644165
10832158
10956163
11108154
11220154
11408155
11432159
11620153
11700157
11728153
11768168
11940154
12132157
12148152
12196156
12332153
12415539
12584151
12772153
12988154
13008155
13064156
13236151
13300158
13484150
13572184
13764158
13856160
13888160
14052159
14080156
14084245
14188158
14216158
14232156
14296157
14312158
14396158
14508159
14664160
14688180
14836160
14988158
15024170
15048157
15128167
15260651
15368160
15408187
15508165
15628204
15812169
15964158
16080157
16184159
16384161
16420159
16496163
16504162
16680160
16828165
17024161
17044161
17240161
17380163
17448159
17480157
17488161
17668157
17796361
17964160
18000159
18188164
18240158
18256158
18368160
18544162
18576158
18616166
18760158
18872160
18875025
18976160
19044157
19060158
19168164
19248160
19268161
19460161
19504160
19548160
19792158
19836158
20028161
20084159
20248161
20436160
20456158
20612159
20732158
20784162
20800157
20836158
20944159
21120163
21220162
21432159
21488158
21604167
21652158
21720157
21880159
22032162
22200163
22400159
22568163
22744161
22776157
22844157
23016269
23092157
23288172
23444162
23552160
23704162
23828158
23936157
24120160
24220156
24328166
24468160
24552161
24712158
24724158
24884159
25100159
25132158
25208158
25288160
25464157
25476162
25540158
25556154
25628154
25796157
25888158
25960153
26149398
26292158
26360161
26560159
26616158
26748158
26888162
26908154
27052162
27172159
27260234
27364163
27532157
27620155
27688159
27691350
27700172
27740171
27900168
28032168
28188166
28228158
28376169
28444163
28452164
28660169
28784152
28868160
29064153
29108163
29124150
29152164
29176156
29276162
29456159
29528159
29584158
29656159
29784159
29856157
29972159
30186005
30304157
30436157
30624159
30820158
31008156
31156158
31240158
31280150
31460159
31512158
31520157
31556156
31624155
31631846
31760162
31800162
31928163
32124162
32136160
32168159
32188184
32300161
32440168
32620165
32772169
32880001
33072177
33240167
33312168
33440177
33640162
33808174
33968167
34056170
34264159
34400155
34448038
34636150
34648153
34768154
34940152
35084152
35100157
35184150
35280152
35312152
35336236
35440157
35624156
35812152
35872153
36040152
36204156
36280154
36296151
36432155
36436235
36484152
36612154
36732154
36824155
36944154
37024159
37112152
37256156
37268154
37284153
37404152
37512152
37588152
37700154
37734805
37920153
37976151
38012153
38180152
38340152
38496151
38604152
38692151
38816153
38912151
39072153
39200154
39236168
39352156
39536152
39596153
39784151
39800158
39956152
40028151
40220154
40356150
40500156
40520151
40652151
40824161
40852153
40952151
40980207
41020159
41184163
41280156
41304152
41416157
41504150
41540153
41656150
41816151
41904151
42044150
42060156
42140156
42248156
42256151
42352155
42536151
42676153
42732151
42872150
43048152
43080155
43248152
43376151
43408152
43436155
43484152
43487578
43520153
43528163
43540157
43556153
43696150
43724154
43844155
43984153
44064149
44088152
44152150
44272163
44308160
44420198
44504160
44528163
44554817
44608164
44620165
44736158
44772389
44936159
45020917
45096168
45192164
45276150
45396152
45408151
45500152
45564155
45584152
45676152
45780172
45888160
45948152
45988152
46048150
46092150
46176150
46238002
46280154
46344159
46384151
46424154
46476153
46556155
46556272
46632155
46660151
46712158
46743914
46768155
46796156
46828880
46864157
46912154
46944158
46992153
47036159
47044157
47088158
47128153
47128239
47136160
47144157
47160154
47180155
47188153
47208158
47232152
47264155
47274129
47284156
47284280
47287329
47292235
47295186
47312156
47320154
47320235
47328245
47331186
47333428
47335549
