2061
2432
4705
5739
7298
8874
9995
12181
13197
14637
15578
16663
17677
19088
20597
21642
22902
24779
25818
26919
28137
29102
30295
31635
32977
33886
35105
36300
37420
39020
40193
41147
42129
43267
44663
46049
47472
48697
49871
50833
52189
53207
54305
55470
56529
57762
59060
60169
61151
62585
63732
64692
65622
66867
68182
69476
70618
71739
72974
73975
75089
76081
77071
78092
79332
80443
81603
82659
83732
84797
85906
87759
89559
90591
91841
92780
94111
95182
96335
97399
98574
100176
101223
102552
103979
105006
106380
107583
108613
109786
111147
112501
113835
115355
116621
117809
119395
120594
121569
123040
125586
