2495
3551
5667
7005
8145
9377
10316
11553
12661
14523
15666
16737
18144
20009
21432
22482
23805
24793
26008
27325
28704
29953
31001
32325
33560
35042
36173
37261
38503
39954
41040
42283
43406
44432
45597
46536
47561
48752
49824
50760
52037
53229
54186
55487
56540
57684
58844
59970
61166
62328
63768
64856
66296
67294
68286
69476
70476
71708
72753
73855
74983
76088
77299
78560
79696
80745
82478
83506
84418
85854
87283
88380
89413
90544
92783
93833
94894
96001
97409
98540
99698
100706
102223
103596
105109
106351
107589
108482
110060
111335
112575
113620
114539
115566
116752
118003
119070
120322
121391
122522
123442
124728
125947
127078
128221
129594
130687
132088
133404
134721
135742
136825
138104
139110
140108
141424
142595
143630
146486
147670
148907
150005
151127
152231
153480
155948
