8801
8873
11242
13054
14197
15172
16548
17591
18620
19795
21016
21977
23240
24410
25358
26369
27445
28423
29835
31267
32610
33611
34673
35663
36735
37780
38780
39829
40840
42109
43146
44411
45865
47038
48339
49402
50429
51637
52764
53992
54981
56327
57542
58529
60138
61488
62799
63845
64820
65881
67106
68163
69361
70491
71452
72407
73558
74607
75815
77029
78206
79404
80394
81353
82352
83483
84602
85561
86657
87916
89289
90264
91491
92636
93675
94674
96005
96962
98504
99597
100801
102062
103310
104332
105578
106873
109029
110177
111487
112474
113476
114903
116029
117294
118532
119900
121117
122155
123191
124486
125474
126517
127749
128847
130124
131132
132297
133438
134813
135797
136805
138087
139222
140484
141970
143159
144295
145875
147201
148251
149176
150459
151528
152700
153692
154700
155963
156958
158229
159245
160426
161534
163364
164725
166033
167428
168469
170472
173336
174536
176545
177732
178788
179689
180834
182263
183216
184452
185567
186865
187858
188889
189929
190941
192046
193066
194342
195450
196798
197957
198993
199979
201390
202407
203834
205058
206055
207165
208313
209461
210618
211813
212951
214337
215681
216611
217709
219011
220653
221819
223206
224484
225968
227624
228893
229961
231974
232997
234756
236091
237622
238908
240266
241737
243006
244040
245354
246388
247440
248818
250309
251645
253141
254727
256648
257780
259227
260382
261570
263312
264814
265894
267074
268423
269627
271043
272844
273975
285703
286973
288473
289869
291300
292566
293764
295047
297096
298114
299362
300422
302013
303175
304761
306231
307474
308696
309820
311225
312634
313825
315178
316321
317797
319011
320173
321187
322296
323389
324591
325607
328687
