20717
21156
23666
24757
27265
28408
29401
30527
31473
32575
33729
34776
35759
36849
37778
38737
39967
41590
42845
44090
45495
46646
47884
48922
49950
51040
52085
53443
54552
55625
57014
58078
59254
60472
61821
62832
63977
64968
66002
66988
68110
69303
70376
71640
72872
73908
75185
76205
77521
78552
80115
81094
82383
83416
84397
85510
87290
88992
90572
91690
92717
93697
98337
99700
100777
101911
102915
104313
105496
107162
108236
109673
110714
111768
112852
113943
115031
116331
117644
118985
119952
121003
122325
123315
124403
125476
126518
127840
128858
129821
130988
132156
133175
134289
135865
137144
138134
139239
140766
141895
143160
144331
145572
146937
148009
149032
150123
152166
153594
154547
155529
156514
157586
158794
160507
161533
162802
164073
165271
166324
167508
168670
169800
171175
172281
173719
174787
176062
177052
178240
179660
180816
182262
183381
184900
185866
187016
188148
189164
190153
191358
192459
193464
194700
196145
199541
200707
201973
203029
204172
205176
206263
207621
208707
209657
210721
212076
213016
214745
216323
217436
218753
219843
220885
222109
223231
224365
225567
226953
228020
229090
230288
231364
232537
233705
234968
236014
237393
238564
240734
241783
242784
243961
245067
246143
247501
248607
249614
250692
251973
253355
254349
255571
256839
257878
259109
260409
261679
262669
263782
265022
266109
267032
268244
269363
270502
271483
272812
273915
275114
276063
277554
278817
279905
281011
281976
282947
284201
285555
286968
287970
289042
290099
291154
292350
293316
294425
295560
296607
299598
300764
302015
303039
304271
305481
306422
307578
308675
309841
310991
312145
313323
314580
315676
317043
318154
319654
320803
321863
322960
324114
325531
326628
328076
329169
330663
332135
333540
334542
335774
337212
338784
340600
341560
342586
343953
345625
346715
348002
349053
350067
351254
352315
353803
354947
356353
357564
358719
360030
361102
362097
363214
364761
365818
366736
367972
369046
370077
371363
372472
373673
374637
375597
376600
377950
378969
380389
381692
382955
383952
385143
386278
387556
388780
390268
391349
392721
393870
394904
396324
397495
398549
399843
400922
402172
404154
405303
406430
407441
409477
412163
413227
415403
416824
418527
419748
421271
422537
423456
424814
425878
427758
428801
429933
431292
432780
434557
435691
436910
438075
439282
440282
441314
442610
443953
444998
446527
448134
449148
450581
452086
453188
454182
456102
457366
458903
460337
461579
462995
464149
466163
467208
468172
469216
470492
471487
472753
474246
475472
476690
477686
478960
480300
481491
482731
484117
485352
486396
487457
488977
490003
490997
492157
493214
494738
495819
497107
498183
499165
500309
501600
503086
504130
505106
506399
507307
508716
510026
511407
512523
513895
515209
516502
517754
518884
520306
521696
523142
524513
525624
527016
528790
530554
532091
533298
534529
535560
536759
538079
539186
540484
541845
542853
544173
545197
546325
547534
548621
550159
551526
552678
553929
555541
556684
557961
559037
561153
562400
563779
565030
566043
567157
568659
569891
571091
572422
573471
574589
576179
577477
578670
579644
580856
582385
583485
585411
586728
588588
589860
591644
593208
594352
595656
596767
597954
598971
600071
601271
602302
603670
604933
606076
607303
608371
609779
611036
612380
613661
615204
616246
617636
618731
619880
621067
622092
623785
624860
626042
627174
628361
629735
630860
631984
633322
634607
635862
637309
638856
640497
641804
644815
